calibdata_record_date: 2019-05-14-14-05-36
cam0:
  T_c_l:
  - [-1.0033111447914909, 0.007796829120162279, 0.005379924411397288, 0.005697209224763689]
  - [-0.005375790714575354, -0.001126077251713209, -1.0016633913488142, -0.11293305005916969]
  - [-0.0077996798135849385, -1.001647471992959, -0.002187991859146976, -0.22545576381415292]
  - [0.0, 0.0, 0.0, 1.0]
  cam_overlaps: []
  camera_model: pinhole
  distortion_coeffs: [0.9693829545338059]
  distortion_model: fov
  intrinsics: [540.1810323808173, 540.2171662351367, 606.090026111307, 361.2552380993679]
  resolution: [1280, 720]
  rostopic: /cam0/image_raw
cam1:
  T_c_l:
  - [0.004220274827435144, 1.0077268830997093, -0.00246937117724233, -0.008576182519286489]
  - [-0.016649175999853272, -0.010072205849060323, -1.0076615224852754, -0.10053580453747258]
  - [-1.0075923648253753, 0.012061013098496443, 0.008819241251023957, -0.22751200061718885]
  - [0.0, 0.0, 0.0, 1.0]
  cam_overlaps: []
  camera_model: pinhole
  distortion_coeffs: [0.9691586491475527]
  distortion_model: fov
  intrinsics: [545.1253024596331, 544.6953208304285, 659.6122763365902, 387.65861867195775]
  resolution: [1280, 720]
  rostopic: /cam1/image_raw
cam2:
  T_c_l:
  - [0.9999674032992397, 0.006088359699945446, -0.005346351548943338, -0.0006763003403009357]
  - [-0.0054723652893934995, 0.013975132322734285, -1.0068103094946943, -0.15022450385770977]
  - [-0.005975350772988129, 1.0068067729027386, 0.01400753660359022, -0.2437115971449701]
  - [0.0, 0.0, 0.0, 1.0]
  cam_overlaps: []
  camera_model: pinhole
  distortion_coeffs: [0.9738366638320757]
  distortion_model: fov
  intrinsics: [551.3448229223449, 551.0976537348477, 663.0908939924225, 394.0275346174711]
  resolution: [1280, 720]
  rostopic: /cam2/image_raw
cam3:
  T_c_l:
  - [-0.011670092346612204, -0.9971358109525834, 0.0008323684769804829, -0.0030080514237004613]
  - [0.005122869076317371, 0.001852864829224421, -0.9972269872616386, -0.10657699017693506]
  - [0.9971229986986434, -0.014425062441147551, 0.007894891041889895, -0.24085824643869658]
  - [0.0, 0.0, 0.0, 1.0]
  cam_overlaps: []
  camera_model: pinhole
  distortion_coeffs: [0.97537410019784]
  distortion_model: fov
  intrinsics: [536.3822965039258, 536.0486148894282, 675.7264038481511, 326.4673600234504]
  resolution: [1280, 720]
  rostopic: /cam3/image_raw
